              precision    recall  f1-score   support

           A       1.00      1.00      1.00         5
           B       1.00      1.00      1.00         5
           C       1.00      1.00      1.00         5
           D       1.00      1.00      1.00         5
           E       1.00      1.00      1.00         5
           F       1.00      1.00      1.00         5
           G       1.00      1.00      1.00         5
           H       1.00      1.00      1.00         5
           I       1.00      1.00      1.00         5
           J       1.00      1.00      1.00         5
           K       1.00      1.00      1.00         5
           L       1.00      1.00      1.00         5
           M       1.00      1.00      1.00         5
           N       1.00      1.00      1.00         5
           O       1.00      1.00      1.00         5
           P       1.00      1.00      1.00         5
           Q       1.00      1.00      1.00         5
           R       1.00      1.00      1.00         5
           S       1.00      1.00      1.00         5
       Space       1.00      1.00      1.00         5
           T       1.00      1.00      1.00         5
           U       1.00      1.00      1.00         5
           V       1.00      1.00      1.00         5
           W       1.00      1.00      1.00         5
           X       1.00      1.00      1.00         5
           Y       1.00      1.00      1.00         5
           Z       1.00      1.00      1.00         5

    accuracy                           1.00       135
   macro avg       1.00      1.00      1.00       135
weighted avg       1.00      1.00      1.00       135
